    7.7865     7.7865     7.7865    90.0000    90.0000    90.0000
      Ce4+     0.0000     0.0000     0.0000     1.0000     0.7896
      Ce4+     0.5000     0.5000     0.5000     1.0000     0.7896
      Fe2+     0.2500     0.2500     0.7500     1.0000     0.7896
      Fe2+     0.2500     0.7500     0.2500     1.0000     0.7896
      Fe2+     0.7500     0.2500     0.2500     1.0000     0.7896
      Fe2+     0.2500     0.2500     0.2500     1.0000     0.7896
      Fe2+     0.7500     0.7500     0.2500     1.0000     0.7896
      Fe2+     0.7500     0.2500     0.7500     1.0000     0.7896
      Fe2+     0.2500     0.7500     0.7500     1.0000     0.7896
      Fe2+     0.7500     0.7500     0.7500     1.0000     0.7896
       P1-     0.1490     0.3485     0.5000     1.0000     0.7896
       P1-     0.8510     0.3485     0.5000     1.0000     0.7896
       P1-     0.6490     0.1515     0.0000     1.0000     0.7896
       P1-     0.1515     0.0000     0.3510     1.0000     0.7896
       P1-     0.0000     0.3510     0.1515     1.0000     0.7896
       P1-     0.3510     0.1515     0.0000     1.0000     0.7896
       P1-     0.1515     0.0000     0.6490     1.0000     0.7896
       P1-     0.5000     0.8510     0.3485     1.0000     0.7896
       P1-     0.3485     0.5000     0.1490     1.0000     0.7896
       P1-     0.0000     0.6490     0.1515     1.0000     0.7896
       P1-     0.3485     0.5000     0.8510     1.0000     0.7896
       P1-     0.5000     0.1490     0.3485     1.0000     0.7896
       P1-     0.6490     0.8485     0.0000     1.0000     0.7896
       P1-     0.3510     0.8485     0.0000     1.0000     0.7896
       P1-     0.1490     0.6515     0.5000     1.0000     0.7896
       P1-     0.6515     0.5000     0.8510     1.0000     0.7896
       P1-     0.5000     0.8510     0.6515     1.0000     0.7896
       P1-     0.8510     0.6515     0.5000     1.0000     0.7896
       P1-     0.6515     0.5000     0.1490     1.0000     0.7896
       P1-     0.0000     0.3510     0.8485     1.0000     0.7896
       P1-     0.8485     0.0000     0.6490     1.0000     0.7896
       P1-     0.5000     0.1490     0.6515     1.0000     0.7896
       P1-     0.8485     0.0000     0.3510     1.0000     0.7896
       P1-     0.0000     0.6490     0.8485     1.0000     0.7896
